{
	"asset": {
		"generator": "VISUALIZEGLTF",
		"version" : "2.0"
	},
	"extensionsUsed": [ "KHR_texture_transform","KHR_materials_pbrSpecularGlossiness" ],
	"scenes": [
		{
			"name": "Default",
			"nodes": [
				0]
		}
	],
	"nodes": [
		{
			"children": [
				1, 2225, 2226, 2227, 2228
			]
			,"name": "Root"		}
,
		{
			"children": [
				2, 352, 994, 1324, 1833, 2023, 2033, 2042
			]
			,"matrix": [
				1,					0,					0,					0,
				0,					1,					0,					0,
				0,					0,					1,					0,
				0,					0.2009409,					0,					1
			]
			,"name": "PJI Divider (Default)"		}
,
		{
			"children": [
				3, 18, 22, 25, 28, 49, 52, 54, 56, 58, 60, 62, 65, 68, 70, 72, 74, 77, 80, 82, 84, 86, 88, 90, 92, 94, 96, 98, 100, 103, 106, 108, 110, 112, 114, 259, 266
			]
			,"name": "99811119-1"		}
,
		{
			"children": [
				4, 5, 6, 9, 12, 15
			]
			,"matrix": [
				-1,					-1.495467E-16,					-1.387779E-16,					0,
				-1.495467E-16,					1,					4.368537E-17,					0,
				1.387779E-16,					4.368537E-17,					-1,					0,
				0.1502295,					0.2443591,					-0.1389391,					1
			]
			,"name": "99810284-1"		}
,
		{
			"mesh": 0
			,"name": "99810284-1 - Part"		}
,
		{
			"mesh": 1
			,"name": "99810284-1 - Part 2"		}
,
		{
			"children": [
				7, 8
			]
			,"name": "Face-66"		}
,
		{
			"mesh": 2
			,"name": "Face-66 - Part"		}
,
		{
			"mesh": 3
			,"name": "Face-66 - Part 2"		}
,
		{
			"children": [
				10, 11
			]
			,"name": "Face-68"		}
,
		{
			"mesh": 4
			,"name": "Face-68 - Part"		}
,
		{
			"mesh": 5
			,"name": "Face-68 - Part 2"		}
,
		{
			"children": [
				13, 14
			]
			,"name": "Face-70"		}
,
		{
			"mesh": 6
			,"name": "Face-70 - Part"		}
,
		{
			"mesh": 7
			,"name": "Face-70 - Part 2"		}
,
		{
			"children": [
				16, 17
			]
			,"name": "Face-72"		}
,
		{
			"mesh": 8
			,"name": "Face-72 - Part"		}
,
		{
			"mesh": 9
			,"name": "Face-72 - Part 2"		}
,
		{
			"children": [
				19, 20, 21
			]
			,"matrix": [
				-1.75255E-14,					1.414679E-06,					-1,					0,
				-1.017701E-16,					1,					1.414679E-06,					0,
				1,					1.017949E-16,					-1.75255E-14,					0,
				0.1322295,					3.157005,					2.966646,					1
			]
			,"name": "99810285-1"		}
,
		{
			"mesh": 10
			,"name": "99810285-1 - Part"		}
,
		{
			"mesh": 11
			,"name": "99810285-1 - Part 2"		}
,
		{
			"mesh": 12
			,"name": "99810285-1 - Part 3"		}
,
		{
			"children": [
				23, 24
			]
			,"matrix": [
				-1.745741E-14,					-0.001052407,					-0.9999995,					0,
				-1.837231E-17,					0.9999995,					-0.001052407,					0,
				1,					1.540744E-33,					-1.745742E-14,					0,
				0.1322295,					0.2694232,					0.1890819,					1
			]
			,"name": "99810289-1"		}
,
		{
			"mesh": 13
			,"name": "99810289-1 - Part"		}
,
		{
			"mesh": 14
			,"name": "99810289-1 - Part 2"		}
,
		{
			"children": [
				26, 27
			]
			,"matrix": [
				-1.745742E-14,					0,					-1,					0,
				0,					1,					0,					0,
				1,					0,					-1.745742E-14,					0,
				0.1322295,					0.2693591,					0.8170609,					1
			]
			,"name": "99810288-1"		}
,
		{
			"mesh": 15
			,"name": "99810288-1 - Part"		}
,
		{
			"mesh": 16
			,"name": "99810288-1 - Part 2"		}
,
		{
			"children": [
				29, 31, 33, 35, 37, 39, 41, 43, 45, 47
			]
			,"name": "Pins-5"		}
,
		{
			"children": [
				30
			]
			,"matrix": [
				-1,					-2.035899E-16,					1.759358E-14,					0,
				1.064478E-14,					0.7891737,					0.61417,					0,
				-1.400943E-14,					0.61417,					-0.7891737,					0,
				0.1472295,					0.2893591,					0.7940609,					1
			]
			,"name": "parallel pin unhardened_iso-2"		}
,
		{
			"mesh": 17
			,"name": "parallel pin unhardened_iso-2 - Part"		}
,
		{
			"children": [
				32
			]
			,"matrix": [
				1,					1.017949E-16,					-1.75255E-14,					0,
				1.400974E-14,					0.5961754,					0.8028542,					0,
				1.053E-14,					-0.8028542,					0.5961754,					0,
				0.1172295,					0.2892022,					-0.1159391,					1
			]
			,"name": "parallel pin unhardened_iso-3"		}
,
		{
			"mesh": 18
			,"name": "parallel pin unhardened_iso-3 - Part"		}
,
		{
			"children": [
				34
			]
			,"matrix": [
				-1.837231E-17,					0.9999995,					-0.001052407,					0,
				-0.9999995,					1.10756E-06,					0.001052406,					0,
				0.001052407,					0.001052406,					0.9999989,					0,
				0.1212295,					0.2468727,					-0.0738945,					1
			]
			,"name": "parallel pin unhardened_iso-5"		}
,
		{
			"mesh": 19
			,"name": "parallel pin unhardened_iso-5 - Part"		}
,
		{
			"children": [
				36
			]
			,"matrix": [
				-1.837231E-17,					0.9999995,					-0.001052407,					0,
				-0.9999995,					1.10756E-06,					0.001052406,					0,
				0.001052407,					0.001052406,					0.9999989,					0,
				0.1212295,					0.2469296,					0.1491056,					1
			]
			,"name": "parallel pin unhardened_iso-6"		}
,
		{
			"mesh": 20
			,"name": "parallel pin unhardened_iso-6 - Part"		}
,
		{
			"children": [
				38
			]
			,"matrix": [
				0,					1,					0,					0,
				-0.3890198,					0,					0.9212294,					0,
				0.9212294,					0,					0.3890198,					0,
				0.1212295,					0.2745591,					0.7570609,					1
			]
			,"name": "parallel pin unhardened_iso-8"		}
,
		{
			"mesh": 21
			,"name": "parallel pin unhardened_iso-8 - Part"		}
,
		{
			"children": [
				40
			]
			,"matrix": [
				0,					1,					0,					0,
				-0.2947169,					0,					-0.9555846,					0,
				-0.9555846,					0,					0.2947169,					0,
				0.1212295,					0.2745591,					0.6740609,					1
			]
			,"name": "parallel pin unhardened_iso-10"		}
,
		{
			"mesh": 22
			,"name": "parallel pin unhardened_iso-10 - Part"		}
,
		{
			"children": [
				42
			]
			,"matrix": [
				1,					2.242596E-16,					-1.786592E-14,					0,
				8.266849E-16,					-0.9994311,					0.03372639,					0,
				-1.784819E-14,					-0.03372639,					-0.9994311,					0,
				-0.7277704,					0.2894591,					-0.0589391,					1
			]
			,"name": "parallel pin unhardened_iso-14"		}
,
		{
			"mesh": 23
			,"name": "parallel pin unhardened_iso-14 - Part"		}
,
		{
			"children": [
				44
			]
			,"matrix": [
				1,					2.242596E-16,					-1.786592E-14,					0,
				-1.768342E-14,					0.1555178,					-0.9878331,					0,
				2.556937E-15,					0.9878331,					0.1555178,					0,
				-0.7277704,					0.2893591,					0.7420609,					1
			]
			,"name": "parallel pin unhardened_iso-15"		}
,
		{
			"mesh": 24
			,"name": "parallel pin unhardened_iso-15 - Part"		}
,
		{
			"children": [
				46
			]
			,"matrix": [
				-1.224647E-16,					1,					1.315584E-27,					0,
				-0.9071475,					-1.110935E-16,					-0.4208129,					0,
				-0.4208129,					-5.153472E-17,					0.9071475,					0,
				-0.6967705,					0.2745591,					-0.0739391,					1
			]
			,"name": "parallel pin unhardened_iso-16"		}
,
		{
			"mesh": 25
			,"name": "parallel pin unhardened_iso-16 - Part"		}
,
		{
			"children": [
				48
			]
			,"matrix": [
				-1.224647E-16,					1,					1.315224E-27,					0,
				-0.9959653,					-1.219706E-16,					0.08973914,					0,
				0.08973914,					1.098988E-17,					0.9959653,					0,
				-0.6967705,					0.2745591,					0.7570609,					1
			]
			,"name": "parallel pin unhardened_iso-17"		}
,
		{
			"mesh": 26
			,"name": "parallel pin unhardened_iso-17 - Part"		}
,
		{
			"children": [
				50, 51
			]
			,"matrix": [
				-1.779784E-14,					2.627972E-27,					-1,					0,
				-1.224647E-16,					1,					1.315289E-27,					0,
				1,					1.224647E-16,					-1.779784E-14,					0,
				-0.6857705,					0.2693591,					0.8170609,					1
			]
			,"name": "99810287-1"		}
,
		{
			"mesh": 27
			,"name": "99810287-1 - Part"		}
,
		{
			"mesh": 28
			,"name": "99810287-1 - Part 2"		}
,
		{
			"children": [
				53
			]
			,"matrix": [
				1,					1.017949E-16,					-1.75255E-14,					0,
				-5.6021E-15,					0.9493767,					-0.3141398,					0,
				1.660632E-14,					0.3141398,					0.9493767,					0,
				-0.7417704,					1.154359,					0.5590621,					1
			]
			,"name": "99810290-1"		}
,
		{
			"mesh": 29
			,"name": "99810290-1 - Part"		}
,
		{
			"children": [
				55
			]
			,"matrix": [
				-1.315952E-14,					0.6723956,					-0.740192,					0,
				-1,					-2.035899E-16,					1.759358E-14,					0,
				1.167915E-14,					0.740192,					0.6723956,					0,
				0.1632295,					1.154359,					0.5590621,					1
			]
			,"name": "99810303-1"		}
,
		{
			"mesh": 30
			,"name": "99810303-1 - Part"		}
,
		{
			"children": [
				57
			]
			,"matrix": [
				-3.491483E-15,					0,					-1,					0,
				1,					-3.491483E-15,					-3.491483E-15,					0,
				-3.491483E-15,					-1,					1.219046E-29,					0,
				-0.7387705,					1.154359,					0.5590621,					1
			]
			,"name": "99810303-2"		}
,
		{
			"mesh": 31
			,"name": "99810303-2 - Part"		}
,
		{
			"children": [
				59
			]
			,"matrix": [
				-1.934804E-15,					0.9951413,					-0.09845652,					0,
				1,					2.035899E-16,					-1.759358E-14,					0,
				-1.748806E-14,					-0.09845652,					-0.9951413,					0,
				0.1212295,					1.154359,					0.5590621,					1
			]
			,"name": "99810303-3"		}
,
		{
			"mesh": 32
			,"name": "99810303-3 - Part"		}
,
		{
			"children": [
				61
			]
			,"matrix": [
				-3.491483E-15,					0,					-1,					0,
				1,					-3.491483E-15,					-3.491483E-15,					0,
				-3.491483E-15,					-1,					1.219046E-29,					0,
				-0.7077705,					1.154359,					0.5590621,					1
			]
			,"name": "99810303-4"		}
,
		{
			"mesh": 33
			,"name": "99810303-4 - Part"		}
,
		{
			"children": [
				63, 64
			]
			,"matrix": [
				1,					1.017949E-16,					-1.75255E-14,					0,
				1.75255E-14,					-2.291775E-06,					1,					0,
				1.017548E-16,					-1,					-2.291775E-06,					0,
				-0.7077705,					0.41936,					0.1590608,					1
			]
			,"name": "99810291-1"		}
,
		{
			"mesh": 34
			,"name": "99810291-1 - Part"		}
,
		{
			"mesh": 35
			,"name": "99810291-1 - Part 2"		}
,
		{
			"children": [
				66, 67
			]
			,"matrix": [
				1,					2.035899E-16,					-1.759358E-14,					0,
				1.759358E-14,					-1.837432E-17,					1,					0,
				2.035899E-16,					-1,					-1.837432E-17,					0,
				-0.7077705,					0.4193604,					-0.1379385,					1
			]
			,"name": "99810292-1"		}
,
		{
			"mesh": 36
			,"name": "99810292-1 - Part"		}
,
		{
			"mesh": 37
			,"name": "99810292-1 - Part 2"		}
,
		{
			"children": [
				69
			]
			,"matrix": [
				-3.142696E-14,					-0.001052407,					-0.9999995,					0,
				1.837231E-17,					-0.9999995,					0.001052407,					0,
				-1,					1.470166E-17,					3.142697E-14,					0,
				0.1115667,					0.3293017,					0.07353743,					1
			]
			,"name": "99810302-1"		}
,
		{
			"mesh": 38
			,"name": "99810302-1 - Part"		}
,
		{
			"children": [
				71
			]
			,"matrix": [
				-4.538928E-14,					0,					-1,					0,
				0,					1,					0,					0,
				1,					0,					-4.538928E-14,					0,
				-0.6871077,					0.3093591,					0.0735795,					1
			]
			,"name": "99810302-2"		}
,
		{
			"mesh": 39
			,"name": "99810302-2 - Part"		}
,
		{
			"children": [
				73
			]
			,"matrix": [
				-1.027086E-14,					-1,					3.785143E-10,					0,
				-1,					1.027086E-14,					1.75255E-14,					0,
				-1.75255E-14,					-3.785143E-10,					-1,					0,
				0.1622295,					0.86636,					0.1990613,					1
			]
			,"name": "99810296-1"		}
,
		{
			"mesh": 40
			,"name": "99810296-1 - Part"		}
,
		{
			"children": [
				75, 76
			]
			,"matrix": [
				-1.761091E-14,					-2.072416E-10,					-1,					0,
				1,					-1.033209E-14,					-1.761091E-14,					0,
				-1.033209E-14,					-1,					2.072416E-10,					0,
				0.1482295,					0.58436,					0.1990613,					1
			]
			,"name": "99810297-1"		}
,
		{
			"mesh": 41
			,"name": "99810297-1 - Part"		}
,
		{
			"mesh": 42
			,"name": "99810297-1 - Part 2"		}
,
		{
			"children": [
				78, 79
			]
			,"matrix": [
				-1.027086E-14,					-1,					3.791442E-10,					0,
				-1,					1.027086E-14,					1.770112E-14,					0,
				-1.770112E-14,					-3.791442E-10,					-1,					0,
				0.1822295,					0.86936,					0.2190613,					1
			]
			,"name": "99810295-1"		}
,
		{
			"mesh": 43
			,"name": "99810295-1 - Part"		}
,
		{
			"mesh": 44
			,"name": "99810295-1 - Part 2"		}
,
		{
			"children": [
				81
			]
			,"matrix": [
				-1.027086E-14,					-1,					3.785149E-10,					0,
				1,					-1.027086E-14,					-3.5051E-14,					0,
				3.5051E-14,					3.785149E-10,					1,					0,
				0.1622295,					0.58436,					0.1590613,					1
			]
			,"name": "99810293-1"		}
,
		{
			"mesh": 45
			,"name": "99810293-1 - Part"		}
,
		{
			"children": [
				83
			]
			,"matrix": [
				1.017949E-16,					-1,					1.320083E-11,					0,
				1,					1.017949E-16,					-1.75255E-14,					0,
				1.75255E-14,					1.320083E-11,					1,					0,
				0.1522295,					0.89436,					0.1890613,					1
			]
			,"name": "99810294-1"		}
,
		{
			"mesh": 46
			,"name": "99810294-1 - Part"		}
,
		{
			"children": [
				85
			]
			,"matrix": [
				-4.510282E-17,					-0.8660254,					0.5,					0,
				1,					-1.025342E-14,					-1.766924E-14,					0,
				2.042872E-14,					0.5,					0.8660254,					0,
				0.1262295,					0.64936,					0.5190613,					1
			]
			,"name": "99810298-1"		}
,
		{
			"mesh": 47
			,"name": "99810298-1 - Part"		}
,
		{
			"children": [
				87
			]
			,"matrix": [
				-8.84709E-16,					-0.8660254,					0.5,					0,
				1,					-1.104049E-14,					-1.735327E-14,					0,
				2.054861E-14,					0.5,					0.8660254,					0,
				0.1262295,					0.83436,					0.3790613,					1
			]
			,"name": "99810299-1"		}
,
		{
			"mesh": 48
			,"name": "99810299-1 - Part"		}
,
		{
			"children": [
				89
			]
			,"matrix": [
				-3.491483E-15,					1,					0,					0,
				-1,					-3.491483E-15,					0,					0,
				0,					0,					1,					0,
				-0.6757705,					1.179359,					0.3690609,					1
			]
			,"name": "99810300-1"		}
,
		{
			"mesh": 49
			,"name": "99810300-1 - Part"		}
,
		{
			"children": [
				91
			]
			,"matrix": [
				-3.491483E-15,					1,					0,					0,
				-1,					-3.491483E-15,					0,					0,
				0,					0,					1,					0,
				-0.6677705,					1.179359,					0.3690609,					1
			]
			,"name": "99811120-1"		}
,
		{
			"mesh": 50
			,"name": "99811120-1 - Part"		}
,
		{
			"children": [
				93
			]
			,"matrix": [
				-1.843664E-14,					-0.04584718,					-0.9989485,					0,
				9.499129E-15,					0.9989485,					-0.04584718,					0,
				1,					-1.033441E-14,					-1.798175E-14,					0,
				0.1327295,					0.83436,					0.3790613,					1
			]
			,"name": "99810306-1"		}
,
		{
			"mesh": 51
			,"name": "99810306-1 - Part"		}
,
		{
			"children": [
				95
			]
			,"matrix": [
				-1.772887E-14,					-1.180758E-10,					-1,					0,
				1.086313E-14,					1,					-1.180758E-10,					0,
				1,					-1.086313E-14,					-1.772887E-14,					0,
				0.1330295,					0.83436,					0.3790613,					1
			]
			,"name": "99810306-2"		}
,
		{
			"mesh": 52
			,"name": "99810306-2 - Part"		}
,
		{
			"children": [
				97
			]
			,"matrix": [
				-1.221644E-14,					-0.7129568,					-0.7012079,					0,
				-1,					-1.017949E-16,					1.75255E-14,					0,
				-1.25663E-14,					0.7012079,					-0.7129568,					0,
				0.1002295,					1.17936,					0.3690622,					1
			]
			,"name": "99811120-3"		}
,
		{
			"mesh": 53
			,"name": "99811120-3 - Part"		}
,
		{
			"children": [
				99
			]
			,"matrix": [
				-1.671952E-14,					-0.2942759,					-0.9557205,					0,
				-1,					-1.017949E-16,					1.75255E-14,					0,
				-5.254619E-15,					0.9557205,					-0.2942759,					0,
				0.1322295,					1.17936,					0.3690622,					1
			]
			,"name": "99810300-3"		}
,
		{
			"mesh": 54
			,"name": "99810300-3 - Part"		}
,
		{
			"children": [
				101, 102
			]
			,"matrix": [
				-1.697098E-14,					0.2881963,					-0.9575714,					0,
				1,					2.035899E-16,					-1.766167E-14,					0,
				-4.895075E-15,					-0.9575714,					-0.2881963,					0,
				-0.7077705,					0.9695526,					0.09846441,					1
			]
			,"name": "99810301-1"		}
,
		{
			"mesh": 55
			,"name": "99810301-1 - Part"		}
,
		{
			"mesh": 56
			,"name": "99810301-1 - Part 2"		}
,
		{
			"children": [
				104, 105
			]
			,"matrix": [
				-1.681125E-14,					0.2881963,					-0.9575714,					0,
				1,					1.017949E-16,					-1.75255E-14,					0,
				-4.953308E-15,					-0.9575714,					-0.2881963,					0,
				0.1122295,					0.9695536,					0.09846542,					1
			]
			,"name": "99810301-5"		}
,
		{
			"mesh": 57
			,"name": "99810301-5 - Part"		}
,
		{
			"mesh": 58
			,"name": "99810301-5 - Part 2"		}
,
		{
			"children": [
				107
			]
			,"matrix": [
				-1.143183E-14,					0.4240195,					-0.9056531,					0,
				1.703845E-14,					0.9056531,					0.4240195,					0,
				1,					-1.058361E-14,					-1.757791E-14,					0,
				0.1402295,					0.83436,					0.3790613,					1
			]
			,"name": "99810305 6205-2RS-1"		}
,
		{
			"mesh": 59
			,"name": "99810305 6205-2RS-1 - Part"		}
,
		{
			"children": [
				109
			]
			,"matrix": [
				1,					-1.023997E-14,					-1.797174E-14,					0,
				1.95087E-14,					0.7552308,					0.6554589,					0,
				6.869505E-15,					-0.6554589,					0.7552308,					0,
				0.1390295,					0.64936,					0.5190613,					1
			]
			,"name": "99810304  6011-2RS-1"		}
,
		{
			"mesh": 60
			,"name": "99810304  6011-2RS-1 - Part"		}
,
		{
			"children": [
				111
			]
			,"matrix": [
				-1.78399E-14,					-6.790382E-11,					-1,					0,
				1.062179E-14,					1,					-6.790382E-11,					0,
				1,					-1.062179E-14,					-1.78399E-14,					0,
				0.1330295,					0.83436,					0.3790613,					1
			]
			,"name": "99810306-3"		}
,
		{
			"mesh": 61
			,"name": "99810306-3 - Part"		}
,
		{
			"children": [
				113
			]
			,"matrix": [
				-1.809664E-14,					-4.961314E-11,					-1,					0,
				1.02299E-14,					1,					-4.961314E-11,					0,
				1,					-1.02299E-14,					-1.809664E-14,					0,
				0.1297295,					0.64936,					0.5190613,					1
			]
			,"name": "99810307-3"		}
,
		{
			"mesh": 62
			,"name": "99810307-3 - Part"		}
,
		{
			"children": [
				115, 117, 119, 121, 123, 126, 129, 132, 135, 138, 141, 144, 147, 150, 153, 156, 159, 162, 165, 168, 171, 174, 177, 180, 183, 186, 189, 192, 195, 198, 201, 204, 207, 210, 213, 216, 219, 222, 225, 228, 231, 234, 237, 239, 241, 243, 245, 247, 249, 251, 253, 255, 257
			]
			,"name": "Fixings-5"		}
,
		{
			"children": [
				116
			]
			,"matrix": [
				-1,					1.027086E-14,					1.756234E-14,					0,
				-2.033663E-14,					-0.4795905,					-0.8774924,					0,
				-5.898695E-16,					-0.8774924,					0.4795905,					0,
				0.1822295,					0.63236,					0.2090613,					1
			]
			,"name": "parallel pin unhardened_iso-22"		}
,
		{
			"mesh": 63
			,"name": "parallel pin unhardened_iso-22 - Part"		}
,
		{
			"children": [
				118
			]
			,"matrix": [
				1,					2.035899E-16,					-1.759358E-14,					0,
				-1.553207E-14,					-0.4595662,					-0.8881435,					0,
				-8.266234E-15,					0.8881435,					-0.4595662,					0,
				0.1472295,					0.84636,					0.1690613,					1
			]
			,"name": "parallel pin unhardened_iso-23"		}
,
		{
			"mesh": 64
			,"name": "parallel pin unhardened_iso-23 - Part"		}
,
		{
			"children": [
				120
			]
			,"matrix": [
				-1,					1.027086E-14,					1.763867E-14,					0,
				1.470032E-14,					-0.2371115,					0.9714825,					0,
				1.416029E-14,					0.9714825,					0.2371115,					0,
				0.1822295,					0.84636,					0.2090613,					1
			]
			,"name": "parallel pin unhardened_iso-24"		}
,
		{
			"mesh": 65
			,"name": "parallel pin unhardened_iso-24 - Part"		}
,
		{
			"children": [
				122
			]
			,"matrix": [
				1,					2.035899E-16,					-1.759358E-14,					0,
				-1.440441E-14,					-0.5647439,					-0.8252662,					0,
				-1.010389E-14,					0.8252662,					-0.5647439,					0,
				0.1472295,					0.63236,					0.1690613,					1
			]
			,"name": "parallel pin unhardened_iso-25"		}
,
		{
			"mesh": 66
			,"name": "parallel pin unhardened_iso-25 - Part"		}
,
		{
			"children": [
				124, 125
			]
			,"matrix": [
				1.495467E-16,					-1,					-4.368537E-17,					0,
				1,					1.495467E-16,					-4.368537E-17,					0,
				4.368537E-17,					-4.368537E-17,					1,					0,
				-0.7005673,					0.2565822,					0.7943802,					1
			]
			,"name": "M16 x 35 cap screw-1"		}
,
		{
			"mesh": 67
			,"name": "M16 x 35 cap screw-1 - Part"		}
,
		{
			"mesh": 68
			,"name": "M16 x 35 cap screw-1 - Part 2"		}
,
		{
			"children": [
				127, 128
			]
			,"matrix": [
				1.495467E-16,					-1,					-4.368537E-17,					0,
				1,					1.495467E-16,					-4.368537E-17,					0,
				4.368537E-17,					-4.368537E-17,					1,					0,
				-0.7005673,					0.2565822,					-0.1156197,					1
			]
			,"name": "M16 x 35 cap screw-2"		}
,
		{
			"mesh": 69
			,"name": "M16 x 35 cap screw-2 - Part"		}
,
		{
			"mesh": 70
			,"name": "M16 x 35 cap screw-2 - Part 2"		}
,
		{
			"children": [
				130, 131
			]
			,"matrix": [
				1.495467E-16,					-1,					-4.368537E-17,					0,
				1,					1.495467E-16,					-4.368537E-17,					0,
				4.368537E-17,					-4.368537E-17,					1,					0,
				0.1244327,					0.2565822,					-0.1156197,					1
			]
			,"name": "M16 x 35 cap screw-3"		}
,
		{
			"mesh": 71
			,"name": "M16 x 35 cap screw-3 - Part"		}
,
		{
			"mesh": 72
			,"name": "M16 x 35 cap screw-3 - Part 2"		}
,
		{
			"children": [
				133, 134
			]
			,"matrix": [
				1.495467E-16,					-1,					-4.368537E-17,					0,
				1,					1.495467E-16,					-4.368537E-17,					0,
				4.368537E-17,					-4.368537E-17,					1,					0,
				0.1244327,					0.2565822,					0.7943802,					1
			]
			,"name": "M16 x 35 cap screw-4"		}
,
		{
			"mesh": 73
			,"name": "M16 x 35 cap screw-4 - Part"		}
,
		{
			"mesh": 74
			,"name": "M16 x 35 cap screw-4 - Part 2"		}
,
		{
			"children": [
				136, 137
			]
			,"matrix": [
				1,					0,					0,					0,
				0,					1,					0,					0,
				0,					0,					1,					0,
				0.1501518,					0.989987,					0.0660788,					1
			]
			,"name": "M12 x 40 Hex head-1"		}
,
		{
			"mesh": 75
			,"name": "M12 x 40 Hex head-1 - Part"		}
,
		{
			"mesh": 76
			,"name": "M12 x 40 Hex head-1 - Part 2"		}
,
		{
			"children": [
				139, 140
			]
			,"matrix": [
				-1,					-1.224647E-16,					-7.965893E-14,					0,
				7.357598E-14,					0.3818493,					-0.9242246,					0,
				3.053089E-14,					-0.9242246,					-0.3818493,					0,
				-0.7256927,					0.9936038,					0.07148705,					1
			]
			,"name": "M12 x 40 Hex head-2"		}
,
		{
			"mesh": 77
			,"name": "M12 x 40 Hex head-2 - Part"		}
,
		{
			"mesh": 78
			,"name": "M12 x 40 Hex head-2 - Part 2"		}
,
		{
			"children": [
				142, 143
			]
			,"matrix": [
				-1,					-2.035899E-16,					1.759358E-14,					0,
				-1.633816E-14,					0.3818493,					-0.9242246,					0,
				-6.529935E-15,					-0.9242246,					-0.3818493,					0,
				0.1544578,					0.8804439,					0.1774909,					1
			]
			,"name": "M10 x 45 hex head-3"		}
,
		{
			"mesh": 79
			,"name": "M10 x 45 hex head-3 - Part"		}
,
		{
			"mesh": 80
			,"name": "M10 x 45 hex head-3 - Part 2"		}
,
		{
			"children": [
				145, 146
			]
			,"matrix": [
				1,					-1.033112E-14,					-1.773581E-14,					0,
				-8.832683E-15,					-0.996591,					0.08250055,					0,
				-1.852768E-14,					-0.08250055,					-0.996591,					0,
				0.1582583,					0.8297943,					0.2092808,					1
			]
			,"name": "M8 x 30 Hex head-1"		}
,
		{
			"mesh": 81
			,"name": "M8 x 30 Hex head-1 - Part"		}
,
		{
			"mesh": 82
			,"name": "M8 x 30 Hex head-1 - Part 2"		}
,
		{
			"children": [
				148, 149
			]
			,"matrix": [
				1,					-1.032795E-14,					-1.759703E-14,					0,
				-4.476254E-15,					0.7303771,					-0.6830441,					0,
				1.990692E-14,					0.6830441,					0.7303771,					0,
				0.1582583,					0.7388833,					0.2091587,					1
			]
			,"name": "M8 x 30 Hex head-2"		}
,
		{
			"mesh": 83
			,"name": "M8 x 30 Hex head-2 - Part"		}
,
		{
			"mesh": 84
			,"name": "M8 x 30 Hex head-2 - Part 2"		}
,
		{
			"children": [
				151, 152
			]
			,"matrix": [
				1,					-1.033145E-14,					-1.788847E-14,					0,
				4.854148E-15,					0.9592254,					-0.2826423,					0,
				2.007918E-14,					0.2826423,					0.9592254,					0,
				0.1582583,					0.6488903,					0.2089344,					1
			]
			,"name": "M8 x 30 Hex head-3"		}
,
		{
			"mesh": 85
			,"name": "M8 x 30 Hex head-3 - Part"		}
,
		{
			"mesh": 86
			,"name": "M8 x 30 Hex head-3 - Part 2"		}
,
		{
			"children": [
				154, 155
			]
			,"matrix": [
				-1,					-2.035899E-16,					1.759358E-14,					0,
				-1.633816E-14,					0.3818493,					-0.9242246,					0,
				-6.529935E-15,					-0.9242246,					-0.3818493,					0,
				0.1617498,					0.6915554,					0.1716469,					1
			]
			,"name": "M10 x 70 Hex head-1"		}
,
		{
			"mesh": 87
			,"name": "M10 x 70 Hex head-1 - Part"		}
,
		{
			"mesh": 88
			,"name": "M10 x 70 Hex head-1 - Part 2"		}
,
		{
			"children": [
				157, 158
			]
			,"matrix": [
				-1,					-2.035899E-16,					1.759358E-14,					0,
				-1.633816E-14,					0.3818493,					-0.9242246,					0,
				-6.529935E-15,					-0.9242246,					-0.3818493,					0,
				0.1617498,					0.5915555,					0.1716469,					1
			]
			,"name": "M10 x 70 Hex head-2"		}
,
		{
			"mesh": 89
			,"name": "M10 x 70 Hex head-2 - Part"		}
,
		{
			"mesh": 90
			,"name": "M10 x 70 Hex head-2 - Part 2"		}
,
		{
			"children": [
				160, 161
			]
			,"matrix": [
				1,					0,					0,					0,
				0,					1,					0,					0,
				0,					0,					1,					0,
				-0.7073512,					0.6918432,					0.1700534,					1
			]
			,"name": "M10 x 60 Hex head-3"		}
,
		{
			"mesh": 91
			,"name": "M10 x 60 Hex head-3 - Part"		}
,
		{
			"mesh": 92
			,"name": "M10 x 60 Hex head-3 - Part 2"		}
,
		{
			"children": [
				163, 164
			]
			,"matrix": [
				1,					0,					0,					0,
				0,					1,					0,					0,
				0,					0,					1,					0,
				-0.7073512,					0.5918432,					0.1700534,					1
			]
			,"name": "M10 x 60 Hex head-7"		}
,
		{
			"mesh": 93
			,"name": "M10 x 60 Hex head-7 - Part"		}
,
		{
			"mesh": 94
			,"name": "M10 x 60 Hex head-7 - Part 2"		}
,
		{
			"children": [
				166, 167
			]
			,"matrix": [
				1,					0,					0,					0,
				0,					1,					0,					0,
				0,					0,					1,					0,
				-0.7073512,					0.441844,					0.1700534,					1
			]
			,"name": "M10 x 60 Hex head-8"		}
,
		{
			"mesh": 95
			,"name": "M10 x 60 Hex head-8 - Part"		}
,
		{
			"mesh": 96
			,"name": "M10 x 60 Hex head-8 - Part 2"		}
,
		{
			"children": [
				169, 170
			]
			,"matrix": [
				-1,					-1.017949E-16,					1.75255E-14,					0,
				-1.646166E-14,					0.3485972,					-0.9372726,					0,
				-6.013931E-15,					-0.9372726,					-0.3485972,					0,
				0.1318102,					0.4425527,					0.1710733,					1
			]
			,"name": "M10 x 60 Hex head-9"		}
,
		{
			"mesh": 97
			,"name": "M10 x 60 Hex head-9 - Part"		}
,
		{
			"mesh": 98
			,"name": "M10 x 60 Hex head-9 - Part 2"		}
,
		{
			"children": [
				172, 173
			]
			,"matrix": [
				0,					-1,					0,					0,
				-0.6335897,					0,					-0.7736692,					0,
				0.7736692,					0,					-0.6335897,					0,
				0.1235915,					0.2891399,					0.6603786,					1
			]
			,"name": "M10 x 60 Hex head-10"		}
,
		{
			"mesh": 99
			,"name": "M10 x 60 Hex head-10 - Part"		}
,
		{
			"mesh": 100
			,"name": "M10 x 60 Hex head-10 - Part 2"		}
,
		{
			"children": [
				175, 176
			]
			,"matrix": [
				0,					-1,					0,					0,
				1,					0,					0,					0,
				0,					0,					1,					0,
				0.1187136,					0.2891399,					0.1700534,					1
			]
			,"name": "M10 x 60 Hex head-11"		}
,
		{
			"mesh": 101
			,"name": "M10 x 60 Hex head-11 - Part"		}
,
		{
			"mesh": 102
			,"name": "M10 x 60 Hex head-11 - Part 2"		}
,
		{
			"children": [
				178, 179
			]
			,"matrix": [
				0,					-1,					0,					0,
				1,					0,					0,					0,
				0,					0,					1,					0,
				0.1187136,					0.2891399,					0.7730535,					1
			]
			,"name": "M10 x 60 Hex head-12"		}
,
		{
			"mesh": 103
			,"name": "M10 x 60 Hex head-12 - Part"		}
,
		{
			"mesh": 104
			,"name": "M10 x 60 Hex head-12 - Part 2"		}
,
		{
			"children": [
				181, 182
			]
			,"matrix": [
				1.837231E-17,					-0.9999995,					0.001052407,					0,
				0.9999995,					1.10756E-06,					0.001052406,					0,
				-0.001052407,					0.001052406,					0.9999989,					0,
				0.1177673,					0.3087662,					0.02064151,					1
			]
			,"name": "M10 x 70 Hex head-10"		}
,
		{
			"mesh": 105
			,"name": "M10 x 70 Hex head-10 - Part"		}
,
		{
			"mesh": 106
			,"name": "M10 x 70 Hex head-10 - Part 2"		}
,
		{
			"children": [
				184, 185
			]
			,"matrix": [
				1.837231E-17,					-0.9999995,					0.001052407,					0,
				0.9999995,					1.10756E-06,					0.001052406,					0,
				-0.001052407,					0.001052406,					0.9999989,					0,
				0.1119429,					0.3015572,					0.09943883,					1
			]
			,"name": "M10 x 45 hex head-4"		}
,
		{
			"mesh": 107
			,"name": "M10 x 45 hex head-4 - Part"		}
,
		{
			"mesh": 108
			,"name": "M10 x 45 hex head-4 - Part 2"		}
,
		{
			"children": [
				187, 188
			]
			,"matrix": [
				1.224647E-16,					-1,					-1.317929E-27,					0,
				1,					1.224647E-16,					-1.317929E-27,					0,
				1.317929E-27,					-1.317929E-27,					1,					0,
				-0.6992865,					0.2891399,					0.1700534,					1
			]
			,"name": "M10 x 60 Hex head-13"		}
,
		{
			"mesh": 109
			,"name": "M10 x 60 Hex head-13 - Part"		}
,
		{
			"mesh": 110
			,"name": "M10 x 60 Hex head-13 - Part 2"		}
,
		{
			"children": [
				190, 191
			]
			,"matrix": [
				1.224647E-16,					-1,					-1.317929E-27,					0,
				1,					1.224647E-16,					-1.317929E-27,					0,
				1.317929E-27,					-1.317929E-27,					1,					0,
				-0.6992865,					0.2891399,					0.3200534,					1
			]
			,"name": "M10 x 60 Hex head-14"		}
,
		{
			"mesh": 111
			,"name": "M10 x 60 Hex head-14 - Part"		}
,
		{
			"mesh": 112
			,"name": "M10 x 60 Hex head-14 - Part 2"		}
,
		{
			"children": [
				193, 194
			]
			,"matrix": [
				1.224647E-16,					-1,					-1.317929E-27,					0,
				1,					1.224647E-16,					-1.317929E-27,					0,
				1.317929E-27,					-1.317929E-27,					1,					0,
				-0.6992865,					0.2891399,					0.5100535,					1
			]
			,"name": "M10 x 60 Hex head-15"		}
,
		{
			"mesh": 113
			,"name": "M10 x 60 Hex head-15 - Part"		}
,
		{
			"mesh": 114
			,"name": "M10 x 60 Hex head-15 - Part 2"		}
,
		{
			"children": [
				196, 197
			]
			,"matrix": [
				1.224647E-16,					-1,					-1.317929E-27,					0,
				1,					1.224647E-16,					-1.317929E-27,					0,
				1.317929E-27,					-1.317929E-27,					1,					0,
				-0.6992865,					0.2891399,					0.6600534,					1
			]
			,"name": "M10 x 60 Hex head-16"		}
,
		{
			"mesh": 115
			,"name": "M10 x 60 Hex head-16 - Part"		}
,
		{
			"mesh": 116
			,"name": "M10 x 60 Hex head-16 - Part 2"		}
,
		{
			"children": [
				199, 200
			]
			,"matrix": [
				1.224647E-16,					-1,					-1.317929E-27,					0,
				1,					1.224647E-16,					-1.317929E-27,					0,
				1.317929E-27,					-1.317929E-27,					1,					0,
				-0.6992865,					0.2891399,					0.7730535,					1
			]
			,"name": "M10 x 60 Hex head-17"		}
,
		{
			"mesh": 117
			,"name": "M10 x 60 Hex head-17 - Part"		}
,
		{
			"mesh": 118
			,"name": "M10 x 60 Hex head-17 - Part 2"		}
,
		{
			"children": [
				202, 203
			]
			,"matrix": [
				1,					-1.023152E-14,					-1.795092E-14,					0,
				1.023152E-14,					1,					-6.360625E-11,					0,
				1.795092E-14,					6.360625E-11,					1,					0,
				0.1362583,					0.8501953,					0.350661,					1
			]
			,"name": "M8 x 30 Hex head-4"		}
,
		{
			"mesh": 119
			,"name": "M8 x 30 Hex head-4 - Part"		}
,
		{
			"mesh": 120
			,"name": "M8 x 30 Hex head-4 - Part 2"		}
,
		{
			"children": [
				205, 206
			]
			,"matrix": [
				1,					-1.086475E-14,					-1.754846E-14,					0,
				1.086475E-14,					1,					-6.358939E-11,					0,
				1.754846E-14,					6.358939E-11,					1,					0,
				0.1362583,					0.8501953,					0.4069526,					1
			]
			,"name": "M8 x 30 Hex head-5"		}
,
		{
			"mesh": 121
			,"name": "M8 x 30 Hex head-5 - Part"		}
,
		{
			"mesh": 122
			,"name": "M8 x 30 Hex head-5 - Part 2"		}
,
		{
			"children": [
				208, 209
			]
			,"matrix": [
				1,					-1.023152E-14,					-1.8055E-14,					0,
				1.023152E-14,					1,					-6.457513E-11,					0,
				1.8055E-14,					6.457513E-11,					1,					0,
				0.1362583,					0.8014454,					0.3788068,					1
			]
			,"name": "M8 x 30 Hex head-6"		}
,
		{
			"mesh": 123
			,"name": "M8 x 30 Hex head-6 - Part"		}
,
		{
			"mesh": 124
			,"name": "M8 x 30 Hex head-6 - Part 2"		}
,
		{
			"children": [
				211, 212
			]
			,"matrix": [
				1,					-1.023152E-14,					-1.749295E-14,					0,
				1.023152E-14,					1,					-6.456289E-11,					0,
				1.749295E-14,					6.456289E-11,					1,					0,
				0.1362583,					0.5964454,					0.5188068,					1
			]
			,"name": "M8 x 30 Hex head-7"		}
,
		{
			"mesh": 125
			,"name": "M8 x 30 Hex head-7 - Part"		}
,
		{
			"mesh": 126
			,"name": "M8 x 30 Hex head-7 - Part 2"		}
,
		{
			"children": [
				214, 215
			]
			,"matrix": [
				1,					-1.023152E-14,					-1.8055E-14,					0,
				1.023152E-14,					1,					-7.90153E-11,					0,
				1.8055E-14,					7.90153E-11,					1,					0,
				0.1362583,					0.6751953,					0.5642731,					1
			]
			,"name": "M8 x 30 Hex head-8"		}
,
		{
			"mesh": 127
			,"name": "M8 x 30 Hex head-8 - Part"		}
,
		{
			"mesh": 128
			,"name": "M8 x 30 Hex head-8 - Part 2"		}
,
		{
			"children": [
				217, 218
			]
			,"matrix": [
				1,					-1.023152E-14,					-1.8055E-14,					0,
				1.023152E-14,					1,					-7.943508E-11,					0,
				1.8055E-14,					7.943508E-11,					1,					0,
				0.1362583,					0.6751953,					0.4733405,					1
			]
			,"name": "M8 x 30 Hex head-9"		}
,
		{
			"mesh": 129
			,"name": "M8 x 30 Hex head-9 - Part"		}
,
		{
			"mesh": 130
			,"name": "M8 x 30 Hex head-9 - Part 2"		}
,
		{
			"children": [
				220, 221
			]
			,"matrix": [
				0,					-1,					0,					0,
				1,					0,					0,					0,
				0,					0,					1,					0,
				-0.700231,					0.3088794,					0.02066564,					1
			]
			,"name": "M10 x 70 Hex head-11"		}
,
		{
			"mesh": 131
			,"name": "M10 x 70 Hex head-11 - Part"		}
,
		{
			"mesh": 132
			,"name": "M10 x 70 Hex head-11 - Part 2"		}
,
		{
			"children": [
				223, 224
			]
			,"matrix": [
				0,					-1,					0,					0,
				1,					0,					0,					0,
				0,					0,					1,					0,
				-0.7060567,					0.3015874,					0.09946146,					1
			]
			,"name": "M10 x 45 hex head-15"		}
,
		{
			"mesh": 133
			,"name": "M10 x 45 hex head-15 - Part"		}
,
		{
			"mesh": 134
			,"name": "M10 x 45 hex head-15 - Part 2"		}
,
		{
			"children": [
				226, 227
			]
			,"matrix": [
				1.837231E-17,					-0.9999995,					0.001052407,					0,
				0.9999995,					1.10756E-06,					0.001052406,					0,
				-0.001052407,					0.001052406,					0.9999989,					0,
				0.1185421,					0.2701371,					-0.0931462,					1
			]
			,"name": "M10 x 45 Cap screw-1"		}
,
		{
			"mesh": 135
			,"name": "M10 x 45 Cap screw-1 - Part"		}
,
		{
			"mesh": 136
			,"name": "M10 x 45 Cap screw-1 - Part 2"		}
,
		{
			"children": [
				229, 230
			]
			,"matrix": [
				1.495467E-16,					-1,					-4.358493E-17,					0,
				0.9327978,					1.552048E-16,					-0.3604002,					0,
				0.3604002,					1.33981E-17,					0.9327978,					0,
				-0.698997,					0.27037,					-0.09224734,					1
			]
			,"name": "M10 x 45 Cap screw-2"		}
,
		{
			"mesh": 137
			,"name": "M10 x 45 Cap screw-2 - Part"		}
,
		{
			"mesh": 138
			,"name": "M10 x 45 Cap screw-2 - Part 2"		}
,
		{
			"children": [
				232, 233
			]
			,"matrix": [
				-1,					-3.491483E-15,					0,					0,
				-1.333221E-15,					0.3818493,					-0.9242246,					0,
				3.226915E-15,					-0.9242246,					-0.3818493,					0,
				-0.6743466,					1.178828,					0.3704953,					1
			]
			,"name": "M16 x 70 Hex head-1"		}
,
		{
			"mesh": 139
			,"name": "M16 x 70 Hex head-1 - Part"		}
,
		{
			"mesh": 140
			,"name": "M16 x 70 Hex head-1 - Part 2"		}
,
		{
			"children": [
				235, 236
			]
			,"matrix": [
				1,					0,					0,					0,
				0,					1,					0,					0,
				0,					0,					1,					0,
				0.09880559,					1.177831,					0.3690051,					1
			]
			,"name": "M16 x 70 Hex head-2"		}
,
		{
			"mesh": 141
			,"name": "M16 x 70 Hex head-2 - Part"		}
,
		{
			"mesh": 142
			,"name": "M16 x 70 Hex head-2 - Part 2"		}
,
		{
			"children": [
				238
			]
			,"matrix": [
				-1,					-1.017949E-16,					1.75255E-14,					0,
				1.623637E-14,					-0.3818493,					0.9242246,					0,
				6.598019E-15,					0.9242246,					0.3818493,					0,
				0.1529045,					0.2893593,					0.6890609,					1
			]
			,"name": "hex screw gradec_bsi-1"		}
,
		{
			"mesh": 143
			,"name": "hex screw gradec_bsi-1 - Part"		}
,
		{
			"children": [
				240
			]
			,"matrix": [
				-1,					-1.017949E-16,					1.75255E-14,					0,
				1.623637E-14,					-0.3818493,					0.9242246,					0,
				6.598019E-15,					0.9242246,					0.3818493,					0,
				0.1529045,					0.2893592,					0.7420609,					1
			]
			,"name": "hex screw gradec_bsi-2"		}
,
		{
			"mesh": 144
			,"name": "hex screw gradec_bsi-2 - Part"		}
,
		{
			"children": [
				242
			]
			,"matrix": [
				1,					0,					0,					0,
				0,					1,					0,					0,
				0,					0,					1,					0,
				-0.7334455,					0.2893591,					0.7940609,					1
			]
			,"name": "hex screw gradec_bsi-3"		}
,
		{
			"mesh": 145
			,"name": "hex screw gradec_bsi-3 - Part"		}
,
		{
			"children": [
				244
			]
			,"matrix": [
				1,					0,					0,					0,
				0,					1,					0,					0,
				0,					0,					1,					0,
				-0.7334455,					0.2893591,					0.6890609,					1
			]
			,"name": "hex screw gradec_bsi-4"		}
,
		{
			"mesh": 146
			,"name": "hex screw gradec_bsi-4 - Part"		}
,
		{
			"children": [
				246
			]
			,"matrix": [
				1,					0,					0,					0,
				0,					1,					0,					0,
				0,					0,					1,					0,
				-0.7334455,					0.2893591,					0.5490609,					1
			]
			,"name": "hex screw gradec_bsi-5"		}
,
		{
			"mesh": 147
			,"name": "hex screw gradec_bsi-5 - Part"		}
,
		{
			"children": [
				248
			]
			,"matrix": [
				1,					0,					0,					0,
				0,					1,					0,					0,
				0,					0,					1,					0,
				-0.7334455,					0.2893591,					0.4090609,					1
			]
			,"name": "hex screw gradec_bsi-6"		}
,
		{
			"mesh": 148
			,"name": "hex screw gradec_bsi-6 - Part"		}
,
		{
			"children": [
				250
			]
			,"matrix": [
				1,					0,					0,					0,
				0,					1,					0,					0,
				0,					0,					1,					0,
				-0.7334455,					0.2893591,					0.2690609,					1
			]
			,"name": "hex screw gradec_bsi-7"		}
,
		{
			"mesh": 149
			,"name": "hex screw gradec_bsi-7 - Part"		}
,
		{
			"children": [
				252
			]
			,"matrix": [
				1,					0,					0,					0,
				0,					1,					0,					0,
				0,					0,					1,					0,
				-0.7334455,					0.2893591,					-0.1159391,					1
			]
			,"name": "hex screw gradec_bsi-8"		}
,
		{
			"mesh": 150
			,"name": "hex screw gradec_bsi-8 - Part"		}
,
		{
			"children": [
				254
			]
			,"matrix": [
				1,					0,					0,					0,
				0,					1,					0,					0,
				0,					0,					1,					0,
				-0.7334455,					0.2893591,					0.1290609,					1
			]
			,"name": "hex screw gradec_bsi-9"		}
,
		{
			"mesh": 151
			,"name": "hex screw gradec_bsi-9 - Part"		}
,
		{
			"children": [
				256
			]
			,"matrix": [
				-1,					-1.017949E-16,					1.75255E-14,					0,
				1.623637E-14,					-0.3818493,					0.9242246,					0,
				6.598019E-15,					0.9242246,					0.3818493,					0,
				0.1579045,					0.2893601,					0.1290609,					1
			]
			,"name": "hex screw gradec_bsi-11"		}
,
		{
			"mesh": 152
			,"name": "hex screw gradec_bsi-11 - Part"		}
,
		{
			"children": [
				258
			]
			,"matrix": [
				-1,					-1.017949E-16,					1.75255E-14,					0,
				1.623637E-14,					-0.3818493,					0.9242246,					0,
				6.598019E-15,					0.9242246,					0.3818493,					0,
				0.1579045,					0.2893603,					-0.0589391,					1
			]
			,"name": "hex screw gradec_bsi-12"		}
,
		{
			"mesh": 153
			,"name": "hex screw gradec_bsi-12 - Part"		}
,
		{
			"children": [
				260, 262, 264
			]
			,"name": "99816891-2"		}
,
		{
			"children": [
				261
			]
			,"matrix": [
				-1,					0,					0,					0,
				0,					1,					2.775558E-16,					0,
				0,					4.996004E-16,					-1,					0,
				0.09972952,					-0.1326409,					0.3404608,					1
			]
			,"name": "99816891A-1"		}
,
		{
			"mesh": 154
			,"name": "99816891A-1 - Part"		}
,
		{
			"children": [
				263
			]
			,"matrix": [
				0,					0,					-1,					0,
				0,					1,					0,					0,
				1,					0,					0,					0,
				-0.6752705,					-0.1326409,					0.3404608,					1
			]
			,"name": "99816891B-1"		}
,
		{
			"mesh": 155
			,"name": "99816891B-1 - Part"		}
,
		{
			"children": [
				265
			]
			,"matrix": [
				1.249001E-16,					1.751137E-17,					1,					0,
				8.6647E-17,					1,					-6.780044E-17,					0,
				-1,					1.319761E-17,					1.249001E-16,					0,
				-0.2877705,					-0.1280409,					0.3437639,					1
			]
			,"name": "99816891C-1"		}
,
		{
			"mesh": 156
